place(-7.569, 0.380, -20.492, "Soldier", 1200)
upgrade(-7.569, 1.730, -20.492, 750)
upgrade(-7.569, 1.730, -20.492, 1049)
place(-4.494, 0.454, -19.925, "Minigunner", 1986)
upgrade(-4.494, 1.804, -19.925, 887)
place(-1.728, 0.642, -21.835, "Minigunner", 2293)
upgrade(-1.728, 1.992, -21.835, 443)
place(-1.105, 0.508, -18.541, "Minigunner", 2202)
upgrade(-1.105, 1.858, -18.541, 352)
place(2.257, 0.623, -19.676, "Minigunner", 2277)
upgrade(2.257, 1.973, -19.676, 457)
place(1.039, 0.418, -16.056, "Minigunner", 2517)
upgrade(1.039, 1.768, -16.056, 667)
